                 0.0   0.4215686274509804    7.813725490196078    12.92156862745098   14.147058823529411   11.931372549019608   3.9019607843137254 0.049019607843137254 
                 0.0    1.911764705882353   13.911764705882353   10.411764705882353    6.970588235294118    5.823529411764706   1.8333333333333333                  0.0 
                 0.0   3.3823529411764706   14.333333333333334    6.715686274509804    4.529411764705882   1.6372549019607843  0.24509803921568626                  0.0 
                 0.0   4.2745098039215685   14.450980392156863    14.07843137254902   14.235294117647058   10.852941176470589    1.088235294117647                  0.0 
                 0.0   1.0980392156862746    4.166666666666667    2.784313725490196    4.068627450980392   13.598039215686274    4.676470588235294                  0.0 
                 0.0   0.1568627450980392   0.3333333333333333   0.0784313725490196   0.8431372549019608   12.764705882352942     5.03921568627451                  0.0 
                 0.0   0.7843137254901961    6.009803921568627    5.647058823529412    8.647058823529411   13.558823529411764   2.2549019607843137                  0.0 
                 0.0   0.3627450980392157    8.392156862745098   14.303921568627452   12.392156862745098    4.686274509803922  0.21568627450980393                  0.0 

                 0.0  0.06611570247933884   3.8016528925619837   11.710743801652892   11.760330578512397    4.661157024793388  0.19834710743801653                  0.0 
 0.04132231404958678   0.5702479338842975    7.661157024793388   15.314049586776859   15.644628099173554   11.264462809917354   0.5950413223140496                  0.0 
                 0.0   0.8181818181818182    7.933884297520661   15.107438016528926   15.669421487603305    11.50413223140496   0.7107438016528925                  0.0 
                 0.0  0.35537190082644626    7.925619834710743   15.570247933884298   15.917355371900827   10.454545454545455    0.512396694214876                  0.0 
                 0.0   0.5537190082644629    7.595041322314049    15.47107438016529   15.975206611570249    9.826446280991735   0.4297520661157025                  0.0 
                 0.0   0.4462809917355372    7.545454545454546   15.173553719008265   15.644628099173554   10.198347107438016   0.5619834710743802                  0.0 
                 0.0  0.19834710743801653    7.743801652892562   15.462809917355372   15.611570247933884   11.041322314049587   1.1239669421487604  0.04132231404958678 
                 0.0  0.04132231404958678    3.925619834710744   11.363636363636363   12.206611570247935    7.140495867768595   1.0661157024793388 0.049586776859504134 

                 0.0  0.02040816326530612   3.9081632653061225   13.112244897959183    8.755102040816327   0.7755102040816326                  0.0                  0.0 
                 0.0    1.030612244897959    11.53061224489796    14.86734693877551   14.255102040816327    7.683673469387755  0.05102040816326531                  0.0 
                 0.0     3.13265306122449    14.16326530612245     8.76530612244898    6.051020408163265   13.795918367346939    1.663265306122449                  0.0 
                 0.0    4.428571428571429   14.040816326530612    4.040816326530612   0.8775510204081632   11.193877551020408    5.571428571428571                  0.0 
                 0.0    4.448979591836735   13.683673469387756   2.4591836734693877  0.35714285714285715     9.23469387755102    7.510204081632653                  0.0 
                 0.0   2.5918367346938775   14.571428571428571   3.2857142857142856   0.9693877551020408   11.357142857142858    8.071428571428571                  0.0 
                 0.0   0.6938775510204082    12.16326530612245    12.33673469387755    11.23469387755102   15.193877551020408    4.438775510204081                  0.0 
                 0.0  0.05102040816326531    3.857142857142857   13.091836734693878   14.285714285714286    7.489795918367347  0.45918367346938777                  0.0 

                 0.0                  0.0                  0.4    9.678048780487805   11.034146341463414   1.5951219512195123                  0.0                  0.0 
                 0.0 0.004878048780487805                  5.2                 15.4    8.795121951219512   1.2390243902439024                  0.0                  0.0 
                 0.0   0.1902439024390244   10.946341463414635   12.190243902439024    1.048780487804878  0.00975609756097561                  0.0                  0.0 
                 0.0   1.0341463414634147   13.336585365853658    9.014634146341463   2.1853658536585368   0.7658536585365854  0.04878048780487805                  0.0 
                 0.0    1.726829268292683   14.521951219512195   11.848780487804879   10.395121951219512    8.097560975609756   1.8439024390243903                  0.0 
                 0.0   0.9609756097560975   14.121951219512194    12.46829268292683    8.785365853658536   11.273170731707317    9.102439024390243  0.28780487804878047 
                 0.0  0.08780487804878048    8.497560975609757   13.941463414634146    6.385365853658537   10.136585365853659   12.697560975609756   1.3170731707317074 
                 0.0                  0.0   0.5804878048780487    8.634146341463415    14.37560975609756   14.019512195121951    7.590243902439024   0.4634146341463415 

                 0.0   0.9710144927536232   11.376811594202898   14.094202898550725    5.021739130434782  0.06521739130434782                  0.0                  0.0 
                 0.0    5.115942028985507   15.028985507246377   12.804347826086957   13.043478260869565   1.2826086956521738                  0.0                  0.0 
                 0.0   4.7898550724637685    9.565217391304348   3.2681159420289854   13.695652173913043    3.130434782608696                  0.0                  0.0 
                 0.0    1.289855072463768   2.6884057971014492    2.152173913043478   14.181159420289855    3.079710144927536                  0.0                  0.0 
                 0.0  0.12318840579710146   0.2028985507246377    5.550724637681159   13.492753623188406   1.2681159420289856                  0.0                  0.0 
                 0.0 0.014492753623188406   1.5724637681159421   11.804347826086957   10.217391304347826   0.8695652173913043   0.3188405797101449                  0.0 
                 0.0   0.8478260869565217   11.246376811594203   15.818840579710145   13.246376811594203   11.217391304347826    7.869565217391305  0.37681159420289856 
                 0.0   0.9782608695652174   11.369565217391305   13.746376811594203    12.58695652173913    12.58695652173913    11.03623188405797   1.4782608695652173 

                 0.0                  0.0                  0.0    4.028301886792453   13.669811320754716    3.207547169811321   0.4811320754716981  0.12264150943396226 
                 0.0                  0.0    1.169811320754717   12.584905660377359   11.132075471698114   1.6226415094339623   3.2169811320754715   0.5283018867924528 
                 0.0   0.2830188679245283     8.59433962264151   13.783018867924529    2.292452830188679    5.745283018867925    7.471698113207547   0.3867924528301887 
                 0.0    4.056603773584905   14.962264150943396    7.716981132075472    3.311320754716981   12.858490566037736    7.943396226415095 0.009433962264150943 
 0.02830188679245283    8.773584905660377    15.40566037735849    13.60377358490566   13.981132075471699    15.80188679245283    6.377358490566038                  0.0 
  0.1320754716981132    3.981132075471698    8.349056603773585    9.283018867924529                 14.5   12.679245283018869    1.471698113207547                  0.0 
0.009433962264150943  0.05660377358490566  0.07547169811320754    2.452830188679245   14.660377358490566     6.40566037735849   0.0660377358490566                  0.0 
                 0.0                  0.0                  0.0    4.877358490566038   13.622641509433961   2.6320754716981134                  0.0                  0.0 

                 0.0   0.0547945205479452    4.885844748858448    12.32420091324201   12.712328767123287   6.1506849315068495   0.4840182648401826                  0.0 
                 0.0   2.3881278538812785   13.684931506849315    9.835616438356164    8.858447488584474   12.515981735159817   2.3835616438356166                  0.0 
                 0.0    4.301369863013699   12.867579908675799    5.127853881278539    6.876712328767123   11.872146118721462   2.1095890410958904                  0.0 
                 0.0   1.5114155251141552   10.429223744292237   13.598173515981735   14.100456621004566   7.5159817351598175    0.634703196347032                  0.0 
                 0.0   0.3470319634703196    7.762557077625571   14.447488584474886   13.397260273972602    6.114155251141552   0.5570776255707762                  0.0 
                 0.0   1.1917808219178083   11.474885844748858    7.470319634703197    7.228310502283105   11.031963470319635   2.6164383561643834                  0.0 
                 0.0   1.2191780821917808   12.406392694063927   7.3881278538812785    5.593607305936073   13.484018264840183   3.9863013698630136                  0.0 
                 0.0   0.0593607305936073                  5.0   13.123287671232877                 14.0     9.32876712328767   1.3333333333333333   0.0228310502283105 

                 0.0                0.875    9.295454545454545   13.829545454545455   14.352272727272727   10.988636363636363   2.0454545454545454                  0.0 
0.022727272727272728    5.215909090909091   14.829545454545455   14.284090909090908   11.443181818181818                 9.75   2.3636363636363638 0.011363636363636364 
0.045454545454545456    6.784090909090909   13.306818181818182                  6.0   0.8409090909090909                  0.5  0.19318181818181818                  0.0 
                 0.0    4.738636363636363   12.488636363636363    9.386363636363637                1.875  0.10227272727272728 0.056818181818181816                  0.0 
                 0.0   0.9886363636363636   7.8522727272727275   12.522727272727273    7.238636363636363   0.3977272727272727  0.09090909090909091                  0.0 
                 0.0                0.125   2.1818181818181817                 9.25   11.727272727272727   1.5795454545454546                  0.0                  0.0 
                 0.0                0.625    6.886363636363637   12.363636363636363   11.761363636363637   1.8522727272727273 0.011363636363636364                  0.0 
                 0.0   0.6363636363636364   10.636363636363637   14.420454545454545    6.568181818181818   0.6136363636363636                  0.0                  0.0 

                 0.0    0.183206106870229    6.687022900763359   13.687022900763358   11.793893129770993   3.3587786259541983  0.20610687022900764                  0.0 
                 0.0   1.9770992366412214   12.465648854961833   11.229007633587786   11.389312977099237     8.49618320610687   0.6183206106870229                  0.0 
                 0.0   2.2290076335877864   11.099236641221374    9.458015267175572   11.381679389312977   11.381679389312977     1.16793893129771                  0.0 
                 0.0   0.4580152671755725    5.282442748091603   10.351145038167939    11.98473282442748   13.679389312977099   3.0381679389312977                  0.0 
                 0.0  0.03816793893129771  0.10687022900763359   1.1374045801526718     2.83206106870229    11.98473282442748   6.9541984732824424                  0.0 
                 0.0   0.1297709923664122   0.7099236641221374  0.04580152671755725   0.2900763358778626    8.641221374045802    10.16030534351145  0.05343511450381679 
                 0.0    1.015267175572519    7.687022900763359    5.129770992366412    5.022900763358779   11.816793893129772    9.694656488549619   0.2900763358778626 
                 0.0  0.19083969465648856    6.488549618320611   13.664122137404581   14.916030534351146   12.083969465648854    4.221374045801527   0.1297709923664122 

                 0.0  0.08108108108108109    5.972972972972973   12.864864864864865    5.216216216216216  0.21621621621621623                  0.0                  0.0 
                 0.0   0.6216216216216216    7.675675675675675    15.45945945945946     8.35135135135135   0.5135135135135135                  0.0                  0.0 
                 0.0     2.72972972972973   11.297297297297296   15.567567567567568     9.18918918918919   0.2702702702702703                  0.0                  0.0 
                 0.0     2.72972972972973   10.621621621621621    14.54054054054054   10.864864864864865    1.027027027027027                  0.0                  0.0 
                 0.0   1.5405405405405406    3.135135135135135    8.972972972972974                 14.0   3.3513513513513513  0.10810810810810811                  0.0 
                 0.0  0.02702702702702703  0.13513513513513514    4.054054054054054   13.513513513513514    7.594594594594595                  1.0                  0.0 
                 0.0  0.05405405405405406     4.72972972972973   10.243243243243244   14.216216216216216   13.945945945945946    7.405405405405405    1.837837837837838 
                 0.0  0.13513513513513514    5.378378378378378    14.54054054054054    15.54054054054054    14.64864864864865   10.702702702702704    5.054054054054054 

                 0.0 0.028985507246376812     5.27536231884058   12.833333333333334   11.579710144927537   3.8043478260869565  0.13043478260869565                  0.0 
                 0.0    0.927536231884058   13.347826086956522   13.528985507246377   12.369565217391305   12.282608695652174   1.2391304347826086                  0.0 
                 0.0   3.2681159420289854   14.623188405797102    4.028985507246377    2.282608695652174   12.369565217391305    4.253623188405797                  0.0 
                 0.0    4.956521739130435    12.91304347826087   1.0217391304347827  0.18115942028985507     9.46376811594203    6.608695652173913                  0.0 
                 0.0   5.3478260869565215   11.920289855072463   0.5072463768115942  0.15942028985507245   10.695652173913043    6.217391304347826                  0.0 
                 0.0    3.652173913043478   13.304347826086957   1.6376811594202898    3.028985507246377   14.405797101449275    3.608695652173913                  0.0 
                 0.0   0.9202898550724637    13.81159420289855   11.659420289855072   14.057971014492754   11.514492753623188  0.35507246376811596                  0.0 
                 0.0 0.021739130434782608    5.304347826086956   13.608695652173912   11.144927536231885    1.891304347826087                  0.0                  0.0 

                 0.0 0.015151515151515152 0.030303030303030304   1.5303030303030303   11.325757575757576   11.628787878787879   1.2803030303030303                  0.0 
                 0.0  0.22727272727272727    0.803030303030303   6.5227272727272725   14.916666666666666   14.083333333333334   2.0833333333333335                  0.0 
                 0.0   1.2121212121212122    5.613636363636363   12.287878787878787   15.462121212121213   12.409090909090908   1.1590909090909092                  0.0 
                 0.0   3.9696969696969697   11.946969696969697   13.166666666666666   14.962121212121213   11.613636363636363   1.1818181818181819                  0.0 
                 0.0   3.4318181818181817    8.401515151515152    7.909090909090909   14.848484848484848   11.575757575757576   1.2272727272727273                  0.0 
                 0.0   0.5151515151515151   1.7424242424242424    4.015151515151516   14.340909090909092   11.901515151515152   0.8863636363636364                  0.0 
                 0.0  0.05303030303030303   0.4318181818181818    2.878787878787879   13.946969696969697   12.946969696969697   1.7272727272727273                  0.0 
                 0.0 0.015151515151515152 0.045454545454545456   1.4242424242424243   11.378787878787879   13.196969696969697    2.696969696969697                  0.0 

                 0.0 0.045454545454545456   4.4147727272727275   12.204545454545455    4.232954545454546   0.4659090909090909                  0.0                  0.0 
                 0.0   0.4659090909090909   11.619318181818182   11.477272727272727   1.8295454545454546  0.22727272727272727                  0.0                  0.0 
                 0.0   2.0454545454545454   14.590909090909092    4.840909090909091   0.1534090909090909  0.03409090909090909 0.005681818181818182                  0.0 
                 0.0   3.6136363636363638   14.403409090909092    4.579545454545454    3.272727272727273               1.4375  0.09090909090909091                  0.0 
                 0.0   5.1477272727272725   14.556818181818182   11.846590909090908   12.801136363636363   10.755681818181818   2.3295454545454546                  0.0 
                 0.0   3.4943181818181817   15.613636363636363   10.482954545454545    6.181818181818182   11.051136363636363    9.204545454545455  0.05113636363636364 
                 0.0   1.0056818181818181   13.380681818181818   11.460227272727273                6.125   12.176136363636363    9.943181818181818  0.22727272727272727 
                 0.0  0.08522727272727272               4.1875   12.818181818181818                14.75   11.409090909090908   3.1079545454545454 0.028409090909090908 

                 0.0                  0.0                  0.0   2.1666666666666665   13.038461538461538    5.230769230769231 0.038461538461538464                  0.0 
                 0.0                  0.0  0.05128205128205128    6.846153846153846    14.41025641025641   2.6794871794871793  0.01282051282051282  0.02564102564102564 
                 0.0                  0.0    1.064102564102564   13.051282051282051    9.320512820512821   2.0256410256410255   1.5384615384615385   0.1282051282051282 
                 0.0  0.14102564102564102     8.14102564102564   13.307692307692308    3.141025641025641    7.910256410256411    4.448717948717949  0.01282051282051282 
                 0.0    4.076923076923077    14.76923076923077    7.410256410256411    6.512820512820513                 14.0   4.4743589743589745                  0.0 
  0.7692307692307693   11.474358974358974   15.423076923076923   13.012820512820513   14.743589743589743   14.884615384615385   2.7435897435897436                  0.0 
  0.6538461538461539    6.487179487179487     9.23076923076923    9.948717948717949   15.076923076923077                 12.0   0.9871794871794872                  0.0 
                 0.0   0.1794871794871795  0.32051282051282054   2.7435897435897436   14.153846153846153    6.089743589743589  0.01282051282051282                  0.0 

                 0.0  0.43478260869565216    7.804347826086956   14.217391304347826    11.48913043478261   2.9565217391304346  0.06521739130434782                  0.0 
                 0.0    3.630434782608696   13.978260869565217   11.706521739130435   12.956521739130435    9.891304347826088   0.5217391304347826                  0.0 
                 0.0   3.6847826086956523    8.532608695652174   2.2065217391304346    6.717391304347826   12.934782608695652   0.9456521739130435                  0.0 
                 0.0   0.9782608695652174    2.869565217391304   0.9456521739130435     8.23913043478261   11.934782608695652                  0.5                  0.0 
                 0.0 0.021739130434782608  0.08695652173913043                 2.75   12.271739130434783    7.326086956521739  0.14130434782608695                  0.0 
                 0.0 0.010869565217391304   1.3043478260869565    8.597826086956522   12.076086956521738   3.9347826086956523    0.358695652173913                  0.0 
                 0.0   0.4782608695652174    8.804347826086957   14.717391304347826   12.967391304347826   10.423913043478262    7.282608695652174                 0.75 
                 0.0  0.34782608695652173    8.347826086956522   13.608695652173912   12.673913043478262   11.652173913043478     9.76086956521739   2.3369565217391304 

                 0.0              0.18125                7.075              14.0125             11.55625              3.20625              0.06875                  0.0 
                 0.0              3.29375                 14.8               8.7375             11.31875             11.18125               0.9875                  0.0 
                 0.0               6.0625             13.24375                1.925               7.5125              14.2375               2.5125                  0.0 
                 0.0              2.96875             13.69375                 11.3              12.6625              15.2125              4.11875                  0.0 
                 0.0              0.19375                 4.25                  7.9              7.29375              13.5875              6.15625                  0.0 
                 0.0              0.13125                0.725                 0.25               0.6375              11.3375              7.70625                  0.0 
                 0.0              0.60625              6.50625                5.875              5.89375              13.2625              6.30625               0.0125 
                 0.0              0.11875                  7.2               14.175             13.89375                9.625              1.58125                  0.0 

                 0.0   0.5681818181818182    6.056818181818182   12.409090909090908   14.068181818181818    8.556818181818182   1.4772727272727273                 0.25 
                 0.0   3.9886363636363638   13.818181818181818   12.431818181818182   13.045454545454545   13.943181818181818   2.4545454545454546  0.10227272727272728 
                 0.0   2.4318181818181817    5.829545454545454    4.465909090909091                 12.0   11.931818181818182   1.1136363636363635 0.011363636363636364 
                 0.0  0.06818181818181818   0.9772727272727273    7.181818181818182   14.102272727272727    9.522727272727273   0.8636363636363636                  0.0 
                 0.0                  0.0   0.3977272727272727   4.2272727272727275   12.693181818181818   13.045454545454545                2.375                  0.0 
                 0.0                  0.0   0.1590909090909091   0.7727272727272727    7.363636363636363   14.238636363636363    4.306818181818182                  0.0 
                 0.0  0.07954545454545454   3.3068181818181817    9.545454545454545   13.431818181818182                 12.0   1.9772727272727273                  0.0 
                 0.0  0.29545454545454547    6.818181818181818   13.806818181818182    9.852272727272727   2.8863636363636362  0.10227272727272728                  0.0 

                 0.0  0.31788079470198677    7.602649006622516    13.04635761589404    11.66225165562914    6.443708609271523   0.9006622516556292  0.06622516556291391 
                 0.0     2.80794701986755   13.913907284768213   10.344370860927153    9.304635761589404   12.251655629139073   3.4966887417218544 0.033112582781456956 
                 0.0   2.7350993377483444   11.900662251655628    7.059602649006623   10.039735099337749   11.966887417218542   2.5099337748344372                  0.0 
                 0.0   1.1390728476821192    8.947019867549669   13.039735099337749   13.205298013245033    5.629139072847682  0.47019867549668876                  0.0 
                 0.0  0.31125827814569534    7.543046357615894   14.834437086092715    9.814569536423841   0.9735099337748344 0.013245033112582781                  0.0 
                 0.0   0.9205298013245033   11.774834437086092   12.066225165562914   10.331125827814569    1.185430463576159                  0.0                  0.0 
0.033112582781456956   1.5562913907284768   13.490066225165563    9.920529801324504   10.867549668874172    3.198675496688742  0.08609271523178808                  0.0 
0.006622516556291391   0.3509933774834437    8.417218543046358   13.649006622516556    9.801324503311259   2.4834437086092715  0.19205298013245034                  0.0 

                 0.0 0.019230769230769232    2.355769230769231    12.01923076923077    7.778846153846154   1.2307692307692308   1.4711538461538463   0.5673076923076923 
                 0.0   0.5288461538461539    8.807692307692308   13.740384615384615   3.7115384615384617    4.509615384615385    4.884615384615385   0.8942307692307693 
                 0.0    2.894230769230769   14.528846153846153   7.5673076923076925   2.3653846153846154   10.201923076923077    6.086538461538462  0.36538461538461536 
                 0.0    6.778846153846154   15.211538461538462    8.682692307692308   10.884615384615385    14.73076923076923    6.846153846153846 0.009615384615384616 
                 0.0   4.6923076923076925    13.10576923076923   13.807692307692308   15.596153846153847    13.26923076923077   3.8173076923076925                  0.0 
0.009615384615384616   0.6923076923076923    3.144230769230769    8.903846153846153    14.73076923076923    5.355769230769231   0.4326923076923077                  0.0 
                 0.0                  0.0   1.0576923076923077               11.125   11.173076923076923   1.0096153846153846 0.019230769230769232                  0.0 
                 0.0 0.038461538461538464   2.4326923076923075   12.913461538461538                6.625   0.2980769230769231                  0.0                  0.0 

                 0.0  0.03597122302158273    4.424460431654676   13.676258992805755   11.776978417266188    2.676258992805755  0.02877697841726619                  0.0 
                 0.0   1.5107913669064748   13.690647482014388   11.431654676258994   10.647482014388489    11.18705035971223   0.6906474820143885                  0.0 
                 0.0   5.0215827338129495   14.251798561151078    2.431654676258993   1.5107913669064748    12.23021582733813   3.5035971223021583                  0.0 
                 0.0    6.079136690647482    11.66906474820144   0.6474820143884892  0.09352517985611511    7.553956834532374    7.424460431654676                  0.0 
                 0.0     6.23021582733813   10.676258992805755   0.2302158273381295  0.02877697841726619    6.266187050359712    8.489208633093526                  0.0 
                 0.0    3.553956834532374   13.071942446043165   0.6834532374100719 0.014388489208633094    8.366906474820144    8.194244604316546                  0.0 
                 0.0   0.7194244604316546    13.29496402877698     8.23021582733813    6.784172661870503   14.258992805755396   3.8776978417266186                  0.0 
                 0.0                  0.0    4.424460431654676   13.913669064748202   14.805755395683454    7.920863309352518   0.2733812949640288                  0.0 

                 0.0                0.275                6.275              12.3375              14.0625              11.4375                3.375               0.0875 
              0.0125                3.125              13.7875              13.2375               10.025               8.4375                 2.35                 0.05 
              0.0125               4.3875                14.15               3.7375               0.2625               0.1375                0.025                  0.0 
                 0.0               5.2375               14.975              10.0875               5.1375               0.7125                  0.0                  0.0 
                 0.0                2.575                11.35              13.2375                14.35               6.8625               0.4375                  0.0 
                 0.0                 0.15               0.7875                1.475                9.025              12.0125                  1.6                  0.0 
                 0.0                0.375               4.5125                6.875               11.725                 11.4               1.4625                  0.0 
                 0.0               0.1125               6.6625               14.275              12.4125                4.425               0.1875                  0.0 

                 0.0                0.875            9.5390625           14.3671875           14.3203125              7.78125            0.9140625                  0.0 
                 0.0            2.9296875           11.4140625                  7.5            8.5546875           14.3515625             3.078125             0.015625 
                 0.0             0.515625              1.34375                  2.0                  9.5           12.8046875              1.46875                  0.0 
                 0.0             0.078125              1.96875           10.8984375            14.171875            5.3671875              0.15625                  0.0 
                 0.0            0.1171875              2.15625            9.3515625           13.1484375            9.8671875            1.4453125                  0.0 
                 0.0            0.0234375            0.6953125                  1.0            4.8203125              12.4375            5.6484375            0.0078125 
                 0.0            1.0234375            7.6796875            4.7734375             7.171875            13.734375              5.59375              0.03125 
                 0.0            0.8984375             10.71875            14.765625           13.4453125            7.8671875            1.2890625             0.015625 

                 0.0   1.3211678832116789   11.306569343065693    13.81021897810219   7.0510948905109485   0.9781021897810219                  0.0                  0.0 
                 0.0    5.868613138686132   14.788321167883211   13.306569343065693   11.124087591240876    2.708029197080292 0.0072992700729927005                  0.0 
                 0.0    4.788321167883212    6.481751824817518    6.693430656934306   11.854014598540147    2.321167883211679                  0.0                  0.0 
                 0.0   1.0802919708029197   1.7226277372262773    9.437956204379562   10.620437956204379    0.708029197080292                  0.0                  0.0 
                 0.0  0.06569343065693431    2.781021897810219   14.072992700729927    5.664233576642336 0.0072992700729927005                  0.0                  0.0 
                 0.0   0.5766423357664233    9.364963503649635   12.854014598540147   1.2116788321167884  0.39416058394160586   0.2773722627737226                  0.0 
                 0.0     2.81021897810219    14.35036496350365   13.693430656934307   10.824817518248175   10.897810218978103    6.014598540145985  0.10948905109489052 
                 0.0   1.3941605839416058   11.489051094890511   14.569343065693431   14.102189781021897   12.343065693430656    6.686131386861314  0.25547445255474455 

                 0.0   0.5238095238095238    8.726190476190476   12.797619047619047   13.654761904761905   11.904761904761905    4.059523809523809  0.15476190476190477 
                 0.0    2.619047619047619   14.607142857142858   13.321428571428571    9.785714285714286    8.404761904761905    2.642857142857143 0.023809523809523808 
                 0.0    4.273809523809524   14.333333333333334    7.976190476190476   1.7976190476190477  0.05952380952380952 0.023809523809523808                  0.0 
                 0.0    4.678571428571429   14.130952380952381    15.30952380952381                 13.0    2.619047619047619                  0.0                  0.0 
                 0.0   1.0476190476190477    4.488095238095238    4.761904761904762   12.511904761904763    9.773809523809524   0.3333333333333333                  0.0 
                 0.0 0.047619047619047616  0.35714285714285715   0.2619047619047619    7.476190476190476   12.404761904761905   0.7142857142857143                  0.0 
                 0.0   0.7619047619047619    6.642857142857143    7.880952380952381   13.964285714285714    9.011904761904763  0.21428571428571427                  0.0 
                 0.0   0.4642857142857143   10.107142857142858   14.547619047619047    9.702380952380953   1.7261904761904763                  0.0                  0.0 

                 0.0 0.039603960396039604    4.683168316831683    12.53960396039604   14.396039603960396   14.257425742574258    9.722772277227723   1.8217821782178218 
                 0.0  0.39603960396039606    7.742574257425742   10.346534653465346    8.990099009900991   13.415841584158416   12.084158415841584   1.5396039603960396 
                 0.0   0.2079207920792079   1.5841584158415842   0.6534653465346535    2.202970297029703   13.341584158415841    7.648514851485149  0.23267326732673269 
                 0.0  0.30198019801980197   2.5742574257425743    5.371287128712871   10.361386138613861   14.366336633663366    4.841584158415841 0.009900990099009901 
                 0.0   0.8861386138613861    6.747524752475248   12.797029702970297   15.425742574257425   12.762376237623762    4.163366336633663                  0.0 
                 0.0   0.8168316831683168   2.9257425742574257   10.351485148514852   12.663366336633663    3.782178217821782   0.4603960396039604                  0.0 
                 0.0 0.034653465346534656     2.51980198019802   13.485148514851485    7.054455445544554  0.32673267326732675                  0.0                  0.0 
                 0.0 0.019801980198019802    5.797029702970297   12.915841584158416   2.6534653465346536   0.1188118811881188                  0.0                  0.0 

                 0.0  0.00819672131147541   1.3852459016393444     7.30327868852459   12.704918032786885   12.598360655737705    5.491803278688525   0.2786885245901639 
                 0.0   0.7786885245901639    9.631147540983607                 13.0                  9.0    12.39344262295082     9.28688524590164   0.6967213114754098 
                 0.0   3.1885245901639343   14.081967213114755    8.475409836065573    7.819672131147541   13.680327868852459    8.024590163934427   0.2459016393442623 
                 0.0   2.9098360655737703   12.024590163934427   11.672131147540984    11.98360655737705   14.647540983606557    6.024590163934426                  0.0 
                 0.0  0.36885245901639346    3.139344262295082    4.254098360655738    6.524590163934426   13.680327868852459     2.80327868852459                  0.0 
                 0.0                  0.0  0.13114754098360656   0.7786885245901639     9.40983606557377   10.360655737704919   0.7049180327868853                  0.0 
                 0.0                  0.0   0.4672131147540984    5.131147540983607    13.09016393442623    4.934426229508197  0.13114754098360656                  0.0 
                 0.0  0.00819672131147541    1.360655737704918     8.39344262295082    9.344262295081966   1.5245901639344261  0.00819672131147541                  0.0 

                 0.0   0.7291666666666666             9.421875   14.427083333333334   14.541666666666666   10.302083333333334   2.7291666666666665  0.06770833333333333 
                 0.0   1.4166666666666667                10.25                10.25            12.671875   13.213541666666666   2.9114583333333335             0.015625 
                 0.0              0.78125   1.8541666666666667             1.328125   11.098958333333334   11.317708333333334   1.0260416666666667                  0.0 
                 0.0   0.7395833333333334    4.520833333333333    8.739583333333334   15.067708333333334            10.203125              3.21875                  0.0 
                 0.0   2.0677083333333335                10.25            14.859375   15.119791666666666   12.052083333333334    5.255208333333333                  0.0 
                 0.0   0.7708333333333334               5.1875   14.333333333333334             8.578125              3.59375   0.9635416666666666                  0.0 
                 0.0                 0.25    7.244791666666667            13.796875   2.7395833333333335  0.08333333333333333 0.005208333333333333                  0.0 
                 0.0              0.78125            10.921875             9.765625             0.484375                  0.0                  0.0                  0.0 

                 0.0                  0.0    2.186046511627907    12.55813953488372   11.767441860465116   2.5426356589147288 0.015503875968992248                  0.0 
                 0.0  0.27906976744186046    6.131782945736434   15.147286821705427   15.372093023255815    4.736434108527132 0.015503875968992248                  0.0 
 0.10852713178294573   1.8604651162790697    9.666666666666666   15.310077519379846   14.317829457364342    2.627906976744186 0.046511627906976744                  0.0 
0.031007751937984496   2.5813953488372094   10.209302325581396     15.4031007751938   13.589147286821705    1.930232558139535  0.07751937984496124                  0.0 
                 0.0    1.062015503875969    8.046511627906977   15.007751937984496   12.984496124031008    1.317829457364341 0.031007751937984496                  0.0 
                 0.0   0.3488372093023256    6.651162790697675    14.48062015503876    12.65891472868217   1.7596899224806202  0.03875968992248062                  0.0 
                 0.0  0.05426356589147287    5.658914728682171   14.635658914728682   13.356589147286822    4.162790697674419  0.15503875968992248                  0.0 
                 0.0 0.015503875968992248   2.1550387596899223   11.573643410852712    13.24031007751938                  5.0  0.43410852713178294                  0.0 

                 0.0                  0.0 0.058823529411764705                  7.0   11.635294117647058   0.9529411764705882                  0.0                  0.0 
                 0.0                  0.0    1.611764705882353   14.152941176470588   7.7176470588235295   1.0941176470588236                  0.6  0.09411764705882353 
                 0.0  0.09411764705882353    8.447058823529412                 13.0    2.388235294117647    5.435294117647059   3.0352941176470587  0.24705882352941178 
                 0.0                  3.0   14.364705882352942    5.435294117647059   3.3529411764705883   11.282352941176471    5.129411764705883  0.08235294117647059 
0.023529411764705882    8.670588235294117   14.788235294117648    4.905882352941177    9.882352941176471   14.588235294117647   3.8823529411764706                  0.0 
 0.35294117647058826   10.141176470588235   15.376470588235295   14.941176470588236                 15.8   12.929411764705883   2.3294117647058825                  0.0 
 0.12941176470588237    2.388235294117647    4.729411764705882    8.694117647058823                 15.0   3.6588235294117646  0.10588235294117647                  0.0 
                 0.0 0.011764705882352941  0.15294117647058825    8.070588235294117   11.941176470588236   1.0705882352941176                  0.0                  0.0 

                 0.0   0.9503105590062112    9.714285714285714   14.397515527950311   11.378881987577639    2.124223602484472                  0.0                  0.0 
                 0.0    5.503105590062112   13.906832298136646    9.385093167701863   14.372670807453416    6.304347826086956 0.018633540372670808                  0.0 
                 0.0   2.1366459627329193   3.7888198757763973    4.428571428571429   13.751552795031056    4.745341614906832                  0.0                  0.0 
                 0.0  0.14285714285714285    2.869565217391304   11.875776397515528    14.24223602484472   4.6645962732919255 0.062111801242236024                  0.0 
                 0.0 0.043478260869565216   1.9254658385093169    7.875776397515528   12.354037267080745   13.198757763975156   2.6832298136645965                  0.0 
                 0.0  0.07453416149068323   0.5403726708074534    0.453416149068323    2.130434782608696   12.956521739130435    7.739130434782608                  0.0 
                 0.0   1.1801242236024845     8.70807453416149    6.453416149068323    7.248447204968944   14.043478260869565     7.24223602484472 0.024844720496894408 
                 0.0   0.7515527950310559   10.546583850931677    14.53416149068323   13.652173913043478    8.857142857142858   1.5527950310559007 0.012422360248447204 

amse = 475.328805 MSS = 1510.720289
