     0    1    2    3    4    5    6    7    8    9
0  177    0    0    0    1    0    0    0    0    0
1    0  174    0    0    0    1    0    0    4    3
2    0    4  167    0    0    0    0    2    4    0
3    0    0    2  151    0    2    0    5    6   17
4    0    5    0    0  173    0    0    0    3    0
5    0    0    0    1    1  175    0    0    0    5
6    2    1    0    0    1    3  172    0    2    0
7    0    0    0    0    1    0    0  166    3    9
8    0   20    1    4    0    2    1    0  138    8
9    0    2    0    7    0    3    0    2    3  163
accuracy =0.9215358931552587