                 0.0   0.0425531914893617    4.377659574468085   12.111702127659575    4.457446808510638   0.5691489361702128                  0.0                  0.0 
                 0.0   0.4574468085106383    11.53191489361702   11.648936170212766   2.0691489361702127  0.34574468085106386                  0.0                  0.0 
                 0.0                  2.0    14.51063829787234    4.914893617021277  0.19148936170212766  0.10638297872340426 0.010638297872340425                  0.0 
                 0.0    3.601063829787234   14.382978723404255     4.76595744680851   3.5531914893617023    1.872340425531915  0.22872340425531915                  0.0 
                 0.0   4.9361702127659575    14.48404255319149   11.914893617021276    12.77127659574468   10.877659574468085   2.4468085106382977                  0.0 
                 0.0   3.3351063829787235   15.367021276595745   10.340425531914894   5.9787234042553195   10.867021276595745    9.079787234042554 0.047872340425531915 
                 0.0   1.0106382978723405   13.148936170212766   11.388297872340425    5.962765957446808    11.98936170212766    9.920212765957446  0.22340425531914893 
                 0.0   0.0851063829787234    4.132978723404255                12.75   14.627659574468085   11.420212765957446    3.228723404255319 0.031914893617021274 

                 0.0   0.5064102564102564    7.858974358974359   12.897435897435898   13.971153846153847   11.782051282051283   3.5224358974358974   0.0673076923076923 
0.009615384615384616    3.266025641025641   14.301282051282051   13.003205128205128    9.506410256410257    8.320512820512821    2.592948717948718 0.022435897435897436 
0.016025641025641024    4.740384615384615    13.89423076923077    5.772435897435898   1.5833333333333333   0.7051282051282052   0.2532051282051282 0.003205128205128205 
                 0.0    4.852564102564102    14.03525641025641   12.169871794871796    8.378205128205128                  3.0  0.33653846153846156                  0.0 
                 0.0                  1.5    7.419871794871795    8.977564102564102   10.455128205128204    7.326923076923077   0.9166666666666666                  0.0 
                 0.0  0.08333333333333333   0.8397435897435898    2.951923076923077    8.243589743589743     9.51923076923077   1.2403846153846154                  0.0 
                 0.0   0.5096153846153846    5.560897435897436    8.493589743589743    12.14423076923077    8.224358974358974   0.5993589743589743                  0.0 
                 0.0   0.3942307692307692    8.900641025641026    14.35897435897436    9.701923076923077   2.2051282051282053 0.028846153846153848                  0.0 

                 0.0    0.150093808630394    4.943714821763602    12.76923076923077   11.981238273921202    4.735459662288931  0.32082551594746717                  0.0 
0.009380863039399626   1.5215759849906192   10.818011257035648    12.98311444652908    12.51969981238274   10.103189493433396   1.3883677298311445                  0.0 
 0.02626641651031895    2.358348968105066   10.560975609756097    10.52157598499062   11.696060037523452    9.165103189493433    1.296435272045028                  0.0 
  0.0075046904315197   1.3414634146341464    9.129455909943715   14.305816135084427    13.76923076923077    5.906191369606003   0.5234521575984991                  0.0 
                 0.0   0.5778611632270169   7.8686679174484055   15.165103189493433   12.712945590994371    3.769230769230769   0.2607879924953096                  0.0 
                 0.0    0.799249530956848    9.630393996247655    12.29080675422139   12.080675422138837     5.75797373358349   0.4352720450281426                  0.0 
0.009380863039399626   0.9024390243902439   10.080675422138837   11.863039399624766   11.596622889305817     8.02063789868668   0.9624765478424016                  0.0 
0.001876172607879925   0.1726078799249531    5.208255159474672   12.789868667917448   12.212007504690432     5.74671669793621   0.6547842401500938  0.00375234521575985 

                 0.0 0.014598540145985401   0.3467153284671533    4.189781021897811   12.010948905109489   11.427007299270073    3.204379562043796   0.1897810218978102 
                 0.0   0.3175182481751825    4.248175182481752   10.489051094890511    12.58029197080292   12.864963503649635    5.390510948905109   0.3357664233576642 
                 0.0   1.8467153284671534    9.481751824817518    11.08029197080292                 11.5   12.620437956204379    4.135036496350365  0.10583941605839416 
                 0.0   3.7116788321167884   12.197080291970803   12.547445255474452   13.624087591240876   12.806569343065693   3.4708029197080292                  0.0 
                 0.0    2.178832116788321    6.689781021897811    7.372262773722627   11.908759124087592   12.364963503649635   1.9963503649635037                  0.0 
                 0.0   0.2664233576642336   0.9343065693430657   2.9014598540145986   12.423357664233576   10.905109489051094   0.7627737226277372                  0.0 
                 0.0 0.025547445255474453  0.26277372262773724    4.083941605839416   13.879562043795621    9.313868613138686   0.8868613138686131                  0.0 
                 0.0                  0.0   0.2116788321167883    4.737226277372263    11.27007299270073    7.660583941605839   1.2919708029197081                  0.0 

                 0.0  0.02956989247311828    4.591397849462366   13.223118279569892   10.948924731182796   2.6129032258064515  0.05913978494623656                  0.0 
                 0.0   1.1801075268817205   13.016129032258064   13.077956989247312    12.25268817204301   10.728494623655914   0.7311827956989247                  0.0 
                 0.0   3.8978494623655915   14.387096774193548    4.623655913978495   2.9623655913978495   12.736559139784946   3.3091397849462365                  0.0 
                 0.0    5.255376344086022    12.75268817204301   1.5994623655913978   0.2849462365591398    9.185483870967742    6.637096774193548                  0.0 
                 0.0    5.475806451612903    11.92741935483871   0.8709677419354839   0.1478494623655914    8.655913978494624    7.389784946236559                  0.0 
                 0.0    3.349462365591398   13.559139784946236   1.6908602150537635   1.3844086021505377   11.381720430107526    6.467741935483871                  0.0 
                 0.0    0.771505376344086   13.209677419354838   10.529569892473118    10.60483870967742   13.489247311827956    2.674731182795699                  0.0 
                 0.0  0.01881720430107527    4.604838709677419    13.60483870967742   13.333333333333334    5.551075268817204  0.18548387096774194                  0.0 

                 0.0   0.9755434782608695   10.608695652173912    13.82336956521739   6.7853260869565215   0.8804347826086957 0.010869565217391304                  0.0 
                 0.0    4.986413043478261   14.396739130434783   12.755434782608695   11.964673913043478   3.3206521739130435 0.059782608695652176                  0.0 
                 0.0    4.519021739130435    8.255434782608695    4.869565217391305   11.464673913043478   4.5271739130434785  0.10326086956521739                  0.0 
                 0.0   1.1440217391304348    2.692934782608696    5.217391304347826   11.589673913043478   3.6902173913043477  0.03804347826086957                  0.0 
                 0.0  0.07608695652173914   1.1548913043478262     8.42663043478261    10.55163043478261   1.8532608695652173                  0.0                  0.0 
                 0.0  0.21739130434782608                 4.25   11.298913043478262    7.627717391304348    1.483695652173913               0.3125                  0.0 
                 0.0   1.4320652173913044   11.638586956521738   14.595108695652174    12.30163043478261   11.002717391304348    7.274456521739131   0.5108695652173914 
                 0.0   0.9755434782608695              10.6875   14.084239130434783    13.30163043478261   12.491847826086957    9.432065217391305    1.546195652173913 

                 0.0  0.37012987012987014    6.935064935064935   13.311688311688311   13.725108225108226   11.612554112554113    5.872294372294372   0.9285714285714286 
                 0.0   1.1277056277056277    9.452380952380953    10.04978354978355    9.673160173160174    13.08008658008658    7.854978354978355   0.8073593073593074 
                 0.0   1.0238095238095237   3.1471861471861473   1.2662337662337662    6.307359307359308   12.831168831168831    4.720779220779221  0.11038961038961038 
                 0.0   0.9588744588744589    4.415584415584416    7.153679653679654   12.692640692640692                 12.5    3.948051948051948 0.004329004329004329 
                 0.0   1.4242424242424243    7.945887445887446   13.264069264069263    15.12987012987013   11.653679653679653    4.132034632034632                  0.0 
                 0.0   0.6601731601731602   3.6277056277056277   11.822510822510823   10.822510822510823   3.5324675324675323   0.5952380952380952                  0.0 
                 0.0  0.16233766233766234     4.85064935064935   13.326839826839826    5.387445887445887   0.5541125541125541  0.01948051948051948                  0.0 
                 0.0   0.3787878787878788    8.192640692640692   11.623376623376624   2.0714285714285716   0.2987012987012987  0.02813852813852814                  0.0 

                 0.0                  0.0   0.1794871794871795     5.69551282051282   12.102564102564102   2.5865384615384617  0.24358974358974358  0.09294871794871795 
                 0.0 0.003205128205128205    1.935897435897436   12.032051282051283    9.814102564102564   1.7884615384615385   1.6025641025641026  0.33653846153846156 
                 0.0   0.3717948717948718    7.564102564102564   12.692307692307692   3.9294871794871793    5.086538461538462    4.583333333333333  0.34294871794871795 
                 0.0   3.2564102564102564   13.227564102564102    8.246794871794872    4.048076923076923   11.522435897435898    6.272435897435898  0.03205128205128205 
0.016025641025641024    7.355769230769231   15.044871794871796    9.836538461538462   11.288461538461538   14.942307692307692    5.089743589743589                  0.0 
 0.33653846153846156    7.141025641025641   11.493589743589743   11.878205128205128   15.112179487179487   12.554487179487179    1.919871794871795                  0.0 
  0.1987179487179487   2.1698717948717947   3.5096153846153846    7.160256410256411   14.673076923076923    6.083333333333333                 0.25                  0.0 
                 0.0  0.03205128205128205  0.27564102564102566    6.634615384615385   12.477564102564102   2.6025641025641026 0.003205128205128205                  0.0 

                 0.0                  0.0   0.5283018867924528     9.68867924528302   10.966981132075471   1.6226415094339623                  0.0                  0.0 
                 0.0  0.04245283018867924    5.221698113207547    15.31132075471698    8.981132075471699   1.2877358490566038                  0.0                  0.0 
                 0.0  0.22169811320754718                10.75   12.349056603773585   1.3962264150943395  0.07547169811320754                  0.0                  0.0 
                 0.0   1.0943396226415094   13.212264150943396    9.325471698113208   2.3962264150943398   0.7264150943396226  0.04716981132075472                  0.0 
                 0.0   1.8254716981132075    14.30188679245283    11.81132075471698    10.44811320754717    7.683962264150943   1.6745283018867925                  0.0 
                 0.0   1.0188679245283019   13.778301886792454    12.31132075471698    9.245283018867925    11.20754716981132    8.575471698113208   0.2783018867924528 
0.0047169811320754715   0.2688679245283019    8.452830188679245   13.877358490566039    6.962264150943396   10.377358490566039   12.297169811320755   1.2830188679245282 
                 0.0  0.02358490566037736   0.6745283018867925    8.726415094339623   14.433962264150944   13.915094339622641     7.60377358490566   0.5471698113207547 

                 0.0   0.4569620253164557    7.554430379746836     13.7873417721519   12.522784810126582   4.8063291139240505   0.4316455696202532 0.016455696202531647 
                 0.0     3.40126582278481    13.49240506329114    9.550632911392405   11.073417721518988   10.197468354430379   1.2177215189873418 0.005063291139240506 
                 0.0   3.2367088607594936    8.675949367088608    4.688607594936709    9.875949367088607   10.444303797468354   1.3126582278481012                  0.0 
                 0.0   1.1886075949367088    6.743037974683545   11.129113924050634   13.444303797468354    9.916455696202531    1.639240506329114                  0.0 
                 0.0  0.13164556962025317   2.4784810126582277    6.388607594936709    9.103797468354431   12.489873417721519   3.9265822784810127                  0.0 
                 0.0   0.1860759493670886   1.7126582278481013   0.8873417721518987    2.212658227848101   11.884810126582279    7.179746835443038 0.010126582278481013 
                 0.0   0.8544303797468354    7.729113924050633    6.251898734177215   6.8632911392405065   13.192405063291138   6.5050632911392405  0.08227848101265822 
                 0.0  0.37341772151898733    8.024050632911392    14.09113924050633   13.515189873417722    8.932911392405064    1.981012658227848  0.10126582278481013 

amse = 635.924403 MSS = 1311.346599
