                 0.0  0.47368421052631576    7.657894736842105   13.763157894736842   13.842105263157896    5.131578947368421   0.3026315789473684                  0.0 
                 0.0    3.789473684210526   14.026315789473685   10.605263157894736   12.855263157894736   10.592105263157896   1.0657894736842106                  0.0 
                 0.0   2.5526315789473686                 5.25    1.144736842105263   11.118421052631579     9.68421052631579   0.8157894736842105                  0.0 
                 0.0  0.23684210526315788                 0.75    4.394736842105263   13.973684210526315    4.842105263157895  0.10526315789473684                  0.0 
                 0.0                  0.0   1.4605263157894737   12.355263157894736   10.513157894736842   0.4473684210526316                  0.0                  0.0 
                 0.0   0.5657894736842105    8.513157894736842   13.776315789473685   2.9473684210526314  0.23684210526315788 0.039473684210526314                  0.0 
 0.06578947368421052   2.3026315789473686   13.328947368421053   12.486842105263158                 7.25    7.197368421052632    3.710526315789474  0.11842105263157894 
0.013157894736842105   0.5657894736842105     8.31578947368421    14.06578947368421   14.460526315789474   12.289473684210526    5.276315789473684                 0.25 

                 0.0 0.054945054945054944    6.582417582417582   13.813186813186814    8.021978021978022   0.8131868131868132                  0.0                  0.0 
                 0.0   1.4285714285714286   13.813186813186814   13.934065934065934   14.582417582417582    8.538461538461538  0.15384615384615385                  0.0 
                 0.0    3.758241758241758   14.626373626373626   4.9010989010989015    5.857142857142857   14.615384615384615    2.043956043956044                  0.0 
                 0.0    4.978021978021978   13.395604395604396   1.1538461538461537   0.6813186813186813   12.274725274725276    5.593406593406593                  0.0 
                 0.0    5.373626373626373   12.637362637362637  0.43956043956043955  0.23076923076923078    11.54945054945055    6.362637362637362                  0.0 
                 0.0    4.032967032967033   14.142857142857142    1.054945054945055    2.208791208791209   13.571428571428571    4.967032967032967                  0.0 
                 0.0   1.1868131868131868   14.527472527472527   10.912087912087912   12.703296703296703   13.175824175824175   1.4395604395604396                  0.0 
                 0.0  0.07692307692307693    6.362637362637362    14.32967032967033    12.32967032967033    3.681318681318681  0.01098901098901099                  0.0 

                 0.0  0.39631336405529954    7.709677419354839   12.741935483870968   13.990783410138249   11.811059907834101   3.6313364055299537  0.06912442396313365 
0.004608294930875576   2.8940092165898617   14.175115207373272   13.036866359447005     9.47926267281106    8.036866359447005   2.2857142857142856 0.009216589861751152 
0.009216589861751152    4.534562211981567   14.087557603686635    5.714285714285714   1.0138248847926268  0.09216589861751152  0.02304147465437788                  0.0 
                 0.0    5.046082949308755   14.460829493087557   12.617511520737327     8.95852534562212   2.1013824884792625  0.03686635944700461                  0.0 
                 0.0   1.7188940092165899    7.534562211981567    8.866359447004609    12.32258064516129    7.972350230414746   0.6221198156682027                  0.0 
                 0.0   0.0967741935483871   0.5299539170506913   1.2304147465437787     8.32258064516129   11.391705069124423   1.1843317972350231                  0.0 
                 0.0   0.5391705069124424   5.3271889400921655   7.2949308755760365    12.80184331797235    9.806451612903226   0.6820276497695853                  0.0 
                 0.0   0.2995391705069124    8.557603686635945   14.400921658986174   10.930875576036867   2.7972350230414746 0.041474654377880185                  0.0 

                 0.0   0.7806451612903226    7.948387096774193   13.303225806451612   14.638709677419355    9.438709677419356   1.5612903225806452  0.14193548387096774 
                 0.0   3.5161290322580645   12.470967741935484    9.109677419354838    9.664516129032258   14.548387096774194   3.7161290322580647  0.07096774193548387 
                 0.0   1.2967741935483872    2.606451612903226   2.1483870967741936    10.12258064516129   12.264516129032257   1.5290322580645161                  0.0 
                 0.0  0.07096774193548387   1.3290322580645162    9.238709677419354   14.251612903225807    6.361290322580645   0.3032258064516129                  0.0 
                 0.0  0.03225806451612903   1.5677419354838709   7.7935483870967746   13.425806451612903   10.380645161290323   1.5483870967741935                  0.0 
                 0.0  0.01935483870967742  0.41935483870967744   0.8451612903225807    6.174193548387096   13.664516129032258    4.425806451612903                  0.0 
                 0.0   0.6387096774193548    5.361290322580645    6.541935483870968   10.361290322580645   13.580645161290322   2.9612903225806453                  0.0 
                 0.0   0.6903225806451613                  9.2   14.303225806451612   11.716129032258065    4.806451612903226   0.2838709677419355                  0.0 

                 0.0                  0.0  0.25471698113207547    7.566037735849057   12.075471698113208    1.971698113207547   0.7264150943396226    0.330188679245283 
                 0.0 0.009433962264150943    3.669811320754717   14.254716981132075    7.981132075471698    2.150943396226415    3.952830188679245   0.7547169811320755 
                 0.0   0.9905660377358491   11.660377358490566   11.632075471698114    1.509433962264151    7.339622641509434     7.10377358490566  0.39622641509433965 
                 0.0    5.632075471698113   15.481132075471699    8.415094339622641    7.132075471698113   13.933962264150944    7.886792452830188 0.009433962264150943 
                 0.0    6.330188679245283    14.70754716981132   14.669811320754716   15.122641509433961   15.415094339622641    5.584905660377358                  0.0 
                 0.0   1.0849056603773586    4.330188679245283    6.773584905660377   14.518867924528301   10.169811320754716   0.7075471698113207                  0.0 
                 0.0                  0.0   0.0660377358490566    5.566037735849057   14.566037735849056   3.5943396226415096                  0.0                  0.0 
                 0.0                  0.0  0.25471698113207547     8.79245283018868   11.528301886792454    1.028301886792453                  0.0                  0.0 

                 0.0   0.9361702127659575     9.72340425531915    14.51595744680851   11.856382978723405    2.606382978723404                  0.0                  0.0 
                 0.0    5.202127659574468   13.553191489361701     8.98936170212766   13.680851063829786   7.7287234042553195  0.11170212765957446                  0.0 
                 0.0   1.8882978723404256    3.452127659574468    4.069148936170213   13.404255319148936    6.154255319148936   0.0797872340425532                  0.0 
                 0.0  0.10638297872340426   2.4627659574468086    11.97340425531915   14.611702127659575   4.9787234042553195   0.0797872340425532                  0.0 
                 0.0  0.03723404255319149   1.6595744680851063    7.585106382978723    12.26063829787234   13.372340425531915    2.654255319148936                  0.0 
                 0.0  0.06914893617021277   0.6117021276595744   0.2765957446808511   1.6382978723404256   12.845744680851064    7.898936170212766                  0.0 
                 0.0   1.2765957446808511    9.069148936170214    6.026595744680851     6.74468085106383   13.909574468085106    7.420212765957447  0.02127659574468085 
                 0.0                 0.75   10.542553191489361   14.611702127659575   13.792553191489361    9.042553191489361   1.6063829787234043  0.02127659574468085 

                 0.0   0.2916666666666667    6.041666666666667   13.208333333333334                7.125                0.875                  0.0                  0.0 
                 0.0   1.1666666666666667                8.125   14.958333333333334   10.333333333333334   1.7083333333333333                  0.0                  0.0 
                 0.0   2.2916666666666665   10.166666666666666                14.75   10.479166666666666   1.1041666666666667                  0.0                  0.0 
                 0.0                 2.25    9.333333333333334   14.083333333333334               10.875   1.7708333333333333                  0.0                  0.0 
                 0.0   1.2708333333333333                3.375                 9.25   13.958333333333334               4.1875                0.125                  0.0 
                 0.0                0.125   0.4583333333333333    4.104166666666667               13.125               9.3125   1.5416666666666667                  0.0 
                 0.0               0.0625    4.270833333333333    9.270833333333334                 13.0   14.020833333333334                 7.25   1.4791666666666667 
                 0.0   0.2916666666666667    5.645833333333333              14.1875   15.208333333333334   14.041666666666666    9.145833333333334   3.8958333333333335 

                 0.0 0.009433962264150943   1.5849056603773586   11.650943396226415    8.216981132075471   0.9905660377358491                  0.0                  0.0 
                 0.0  0.20754716981132076    8.745283018867925   13.924528301886792    4.877358490566038   0.8490566037735849                  0.0                  0.0 
                 0.0   1.0849056603773586   13.556603773584905    7.113207547169812  0.19811320754716982  0.02830188679245283                  0.0                  0.0 
                 0.0    2.311320754716981   14.773584905660377    7.547169811320755    6.047169811320755   2.5377358490566038   0.1320754716981132                  0.0 
                 0.0   2.8773584905660377   15.273584905660377    13.38679245283019   12.679245283018869   12.764150943396226   3.9339622641509435                  0.0 
                 0.0   1.3584905660377358    14.79245283018868     7.09433962264151   1.2264150943396226    7.009433962264151    11.50943396226415  0.18867924528301888 
                 0.0  0.16037735849056603   10.273584905660377   11.075471698113208   3.4339622641509435    9.160377358490566   12.679245283018869   0.6320754716981132 
                 0.0 0.009433962264150943   1.6415094339622642   10.849056603773585   15.037735849056604   13.254716981132075    5.339622641509434  0.07547169811320754 

                 0.0  0.16770186335403728    6.807453416149069   13.763975155279503   11.677018633540373   3.2236024844720497  0.16149068322981366                  0.0 
                 0.0    2.217391304347826    12.73913043478261    10.79503105590062   11.118012422360248    8.919254658385093   0.5403726708074534                  0.0 
                 0.0   2.9937888198757765   10.627329192546584    6.863354037267081    9.565217391304348    12.01863354037267   1.2484472049689441                  0.0 
                 0.0   0.7888198757763976    6.509316770186335   10.062111801242237   12.360248447204969    14.01863354037267    2.981366459627329                  0.0 
                 0.0 0.037267080745341616   0.7142857142857143    3.142857142857143    4.931677018633541   12.372670807453416    7.111801242236025                  0.0 
                 0.0  0.10559006211180125   0.5962732919254659 0.049689440993788817  0.32298136645962733    7.956521739130435   10.950310559006212 0.049689440993788817 
                 0.0   0.6645962732919255   7.3478260869565215    5.186335403726708    4.559006211180124   11.161490683229813   10.881987577639752   0.2732919254658385 
                 0.0  0.14906832298136646    6.472049689440993   13.683229813664596    15.06832298136646   13.124223602484472    4.627329192546584  0.09937888198757763 

                 0.0                  0.0   0.8285714285714286                  6.4   12.428571428571429   13.771428571428572    6.628571428571429   0.3142857142857143 
                 0.0   0.5047619047619047    8.980952380952381    13.60952380952381    9.276190476190477   12.371428571428572   10.228571428571428   0.7047619047619048 
                 0.0   2.6857142857142855   14.019047619047619                  8.8    7.704761904761905   13.428571428571429    8.161904761904761   0.2761904761904762 
                 0.0   2.8190476190476192   11.304761904761905   10.885714285714286   11.571428571428571   14.723809523809523                  6.2                  0.0 
                 0.0   0.4380952380952381   3.0952380952380953                  4.2    6.571428571428571    14.17142857142857    2.761904761904762                  0.0 
                 0.0                  0.0  0.12380952380952381   0.6285714285714286    9.238095238095237   10.666666666666666   0.6857142857142857                  0.0 
                 0.0                  0.0  0.26666666666666666    4.095238095238095    13.18095238095238    5.247619047619048   0.1523809523809524                  0.0 
                 0.0                  0.0   0.6285714285714286   7.6761904761904765   10.257142857142858   1.9714285714285715  0.01904761904761905                  0.0 

                 0.0                  0.0   0.1590909090909091    8.409090909090908   11.897727272727273   1.7159090909090908                  0.0                  0.0 
                 0.0 0.011363636363636364   3.4886363636363638   15.329545454545455   10.840909090909092   1.4431818181818181                  0.0                  0.0 
                 0.0 0.045454545454545456    9.034090909090908   14.090909090909092    2.022727272727273                  0.0                  0.0                  0.0 
                 0.0   0.4659090909090909   12.170454545454545   11.079545454545455   1.5909090909090908   0.3068181818181818 0.011363636363636364                  0.0 
                 0.0   1.1136363636363635   13.977272727272727   13.886363636363637   12.420454545454545                9.375   1.7272727272727273                  0.0 
                 0.0   0.6818181818181818   13.613636363636363   13.647727272727273    8.897727272727273   11.602272727272727   10.477272727272727   0.4090909090909091 
                 0.0 0.056818181818181816   7.3977272727272725   14.454545454545455    6.181818181818182    9.636363636363637   13.704545454545455   1.7272727272727273 
                 0.0                  0.0   0.3068181818181818    7.545454545454546   14.227272727272727   14.534090909090908    8.534090909090908   0.7045454545454546 

                 0.0  0.08421052631578947    4.578947368421052   12.336842105263157    8.136842105263158    3.705263157894737   1.8842105263157896   0.5578947368421052 
                 0.0   1.6631578947368422   12.473684210526315   10.989473684210527    3.968421052631579    7.968421052631579    5.989473684210527   0.7368421052631579 
                 0.0    4.505263157894737   14.494736842105263   4.7894736842105265    4.557894736842106   12.526315789473685    5.842105263157895  0.14736842105263157 
                 0.0    5.315789473684211   13.936842105263159   10.105263157894736   12.936842105263159   14.147368421052631    4.684210526315789                  0.0 
                 0.0   2.3263157894736843    8.947368421052632   12.221052631578948   14.978947368421053    9.726315789473684   1.7789473684210526                  0.0 
0.010526315789473684   0.3473684210526316                  2.2   10.294736842105262   13.189473684210526   2.5894736842105264   0.3894736842105263                  0.0 
                 0.0 0.010526315789473684    3.305263157894737   12.936842105263159    8.389473684210527   1.2421052631578948  0.15789473684210525                  0.0 
                 0.0  0.12631578947368421    5.052631578947368   12.842105263157896   4.3052631578947365   0.5684210526315789 0.042105263157894736                  0.0 

                 0.0   1.1891891891891893    11.63063063063063    14.73873873873874   14.486486486486486    10.72072072072072   3.3783783783783785  0.11711711711711711 
                 0.0   1.4144144144144144    9.594594594594595    9.432432432432432    12.36036036036036   12.882882882882884    3.234234234234234  0.02702702702702703 
                 0.0   0.4864864864864865   1.0990990990990992   1.4054054054054055    11.72972972972973   10.198198198198199   0.8288288288288288                  0.0 
                 0.0    1.045045045045045     5.81981981981982   10.144144144144144   15.378378378378379     9.63963963963964   3.3513513513513513                  0.0 
                 0.0   2.6936936936936937   11.018018018018019    15.17117117117117   14.711711711711711   11.531531531531531    5.162162162162162                  0.0 
                 0.0   0.5855855855855856    5.324324324324325    14.82882882882883    5.873873873873874   2.5945945945945947   0.8558558558558559                  0.0 
                 0.0  0.42342342342342343    9.936936936936936   12.603603603603604   0.5585585585585585 0.036036036036036036 0.009009009009009009                  0.0 
                 0.0   1.2972972972972974   13.153153153153154    7.216216216216216  0.02702702702702703                  0.0                  0.0                  0.0 

                 0.0                  0.0   0.8555555555555555   11.144444444444444   10.244444444444444   1.6888888888888889                  0.0                  0.0 
                 0.0 0.011111111111111112    7.355555555555555   15.055555555555555    6.644444444444445   0.9222222222222223                  0.0                  0.0 
                 0.0   0.4222222222222222   13.044444444444444    10.11111111111111  0.32222222222222224                  0.0                  0.0                  0.0 
                 0.0   1.8111111111111111   14.366666666666667    5.511111111111111 0.022222222222222223 0.011111111111111112                  0.0                  0.0 
                 0.0   3.1777777777777776   14.722222222222221    7.988888888888889    6.688888888888889   3.3444444444444446  0.34444444444444444                  0.0 
                 0.0    2.033333333333333   14.944444444444445   14.033333333333333   13.333333333333334   13.744444444444444                  5.6                  0.1 
                 0.0   0.2777777777777778    10.28888888888889   14.344444444444445                  8.5   12.055555555555555   10.655555555555555   0.8333333333333334 
                 0.0                  0.0   1.0777777777777777    9.766666666666667   14.588888888888889   13.566666666666666    6.377777777777778  0.23333333333333334 

                 0.0                  0.0                 0.04                5.888               12.344                1.664                0.176                  0.0 
                 0.0                  0.0                1.352               13.616                8.888                1.408                1.424                0.216 
                 0.0                0.096                 8.36               13.384                2.456                5.592                4.672                 0.36 
                 0.0                3.184               14.536                5.712                2.752               12.016                6.208                0.064 
                0.04                9.448               15.048                 7.32               10.976                15.08                 4.88                  0.0 
               0.312                8.896               14.392               14.272               15.656               13.056                2.176                  0.0 
               0.064                1.504                2.944                 6.48                14.92                4.632                 0.08                  0.0 
                 0.0                0.008                0.088                 6.88               12.728                 1.76                  0.0                  0.0 

                 0.0  0.03759398496240601    4.315789473684211   13.639097744360901   11.781954887218046    2.661654135338346  0.03007518796992481                  0.0 
                 0.0   1.5413533834586466   13.706766917293233   11.518796992481203   10.676691729323307   11.180451127819548   0.6766917293233082                  0.0 
                 0.0    5.030075187969925   14.112781954887218     2.43609022556391   1.5488721804511278   12.300751879699249    3.518796992481203                  0.0 
                 0.0    6.015037593984962   11.481203007518797   0.5939849624060151  0.09774436090225563    7.533834586466165    7.466165413533835                  0.0 
                 0.0     6.18796992481203   10.601503759398497  0.24060150375939848  0.03007518796992481    6.135338345864661    8.511278195488721                  0.0 
                 0.0   3.4285714285714284   13.165413533834586   0.7744360902255639  0.06766917293233082    8.105263157894736     8.38345864661654                  0.0 
                 0.0   0.6842105263157895   13.218045112781954    8.300751879699249    6.654135338345864   14.240601503759398    4.150375939849624                  0.0 
                 0.0                  0.0   4.2706766917293235   13.834586466165414   14.977443609022556    8.323308270676693   0.3157894736842105                  0.0 

                 0.0   1.0444444444444445   11.377777777777778   14.088888888888889    4.925925925925926  0.02962962962962963                  0.0                  0.0 
                 0.0    5.140740740740741   14.962962962962964   12.807407407407407   13.096296296296297   1.1111111111111112                  0.0                  0.0 
                 0.0    4.637037037037037    9.540740740740741    3.185185185185185    13.77037037037037   2.9925925925925925                  0.0                  0.0 
                 0.0   1.2592592592592593   2.6222222222222222   2.1037037037037036   14.177777777777777                  3.0                  0.0                  0.0 
                 0.0   0.1259259259259259  0.21481481481481482    5.474074074074074   13.451851851851853    1.237037037037037                  0.0                  0.0 
                 0.0 0.007407407407407408    1.488888888888889    11.77037037037037   10.155555555555555   0.8222222222222222   0.3111111111111111                  0.0 
                 0.0   0.8222222222222222   11.125925925925927   15.822222222222223   13.274074074074074   11.244444444444444    7.992592592592593   0.3925925925925926 
                 0.0   1.0592592592592593   11.451851851851853   13.725925925925926   12.592592592592593   12.651851851851852   11.155555555555555   1.4370370370370371 

                 0.0 0.050314465408805034   4.9748427672955975   12.666666666666666   14.427672955974844   14.559748427672956    11.30188679245283   2.2830188679245285 
                 0.0   0.2641509433962264    7.251572327044025   10.138364779874214     8.61006289308176   12.861635220125786   13.534591194968554    1.949685534591195 
                 0.0  0.08176100628930817   1.3270440251572326   0.7987421383647799     1.79874213836478   12.836477987421384     8.61006289308176  0.29559748427672955 
                 0.0   0.2578616352201258   2.6729559748427674    5.836477987421383    10.28930817610063   14.578616352201259    5.459119496855346 0.012578616352201259 
                 0.0   0.6666666666666666    6.113207547169812    12.49056603773585   15.364779874213836    12.49056603773585    3.949685534591195                  0.0 
                 0.0   0.6477987421383647   2.3647798742138364    9.918238993710691   12.427672955974844    3.352201257861635  0.29559748427672955                  0.0 
                 0.0 0.050314465408805034   2.6855345911949686   13.364779874213836    6.911949685534591   0.3522012578616352                  0.0                  0.0 
                 0.0 0.031446540880503145    6.238993710691824   12.742138364779874    2.490566037735849   0.0880503144654088                  0.0                  0.0 

                 0.0                  0.0   2.5555555555555554   12.666666666666666   10.015873015873016   1.0952380952380953                  0.0                  0.0 
                 0.0   0.5873015873015873   10.333333333333334   14.952380952380953    13.73015873015873    8.857142857142858 0.047619047619047616                  0.0 
                 0.0    2.507936507936508   13.746031746031745   10.206349206349206    4.650793650793651   13.285714285714286   1.8095238095238095                  0.0 
                 0.0    3.634920634920635   14.285714285714286    5.841269841269841   0.5079365079365079    9.857142857142858    5.714285714285714                  0.0 
                 0.0   3.6825396825396823   14.174603174603174   3.6825396825396823   0.3968253968253968    8.507936507936508    7.698412698412699                  0.0 
                 0.0    1.619047619047619   14.587301587301587    4.476190476190476                  1.0   11.492063492063492    8.301587301587302                  0.0 
                 0.0  0.36507936507936506   10.841269841269842   12.857142857142858    11.34920634920635   15.222222222222221    4.666666666666667                  0.0 
                 0.0 0.015873015873015872   2.4761904761904763   12.507936507936508   14.365079365079366    7.619047619047619   0.5238095238095238                  0.0 

                 0.0   0.3902439024390244    8.048780487804878   14.621951219512194    10.75609756097561   1.8902439024390243 0.024390243902439025                  0.0 
                 0.0   3.5609756097560976   14.231707317073171   12.390243902439025   13.646341463414634    9.121951219512194  0.23170731707317074                  0.0 
                 0.0   3.8536585365853657    9.902439024390244    4.121951219512195    7.780487804878049   12.853658536585366   0.7682926829268293                  0.0 
                 0.0   1.0609756097560976   3.3902439024390243   1.4146341463414633    7.378048780487805   12.878048780487806   0.7560975609756098                  0.0 
                 0.0 0.024390243902439025  0.08536585365853659    1.024390243902439   11.548780487804878    9.560975609756097   0.3048780487804878                  0.0 
                 0.0                  0.0   0.4024390243902439    6.353658536585366   13.878048780487806    5.780487804878049   0.4268292682926829                  0.0 
                 0.0  0.18292682926829268   7.7073170731707314   14.939024390243903   14.390243902439025   10.414634146341463    7.146341463414634   0.8292682926829268 
                 0.0   0.3170731707317073    8.317073170731707   13.658536585365853   11.707317073170731   10.317073170731707    9.939024390243903   2.6097560975609757 

                 0.0 0.036734693877551024    3.216326530612245   12.404081632653062    11.76734693877551    3.779591836734694                  0.2                  0.0 
 0.02040816326530612   0.4163265306122449    7.159183673469387   15.314285714285715   15.371428571428572    8.318367346938775  0.49387755102040815                  0.0 
 0.05714285714285714   1.2326530612244897    8.755102040816327   15.322448979591837   15.036734693877552     7.36734693877551   0.4122448979591837                  0.0 
  0.0163265306122449    1.346938775510204     8.86530612244898    15.56734693877551    14.89795918367347    6.134693877551021  0.31020408163265306                  0.0 
                 0.0   0.8081632653061225     8.03265306122449    15.36734693877551   14.506122448979593                  5.2  0.19591836734693877                  0.0 
                 0.0  0.49795918367346936    7.616326530612245   14.808163265306122   14.363265306122448    5.448979591836735  0.19183673469387755                  0.0 
                 0.0  0.23673469387755103    7.244897959183674   15.126530612244897   14.559183673469388    7.057142857142857  0.45714285714285713                  0.0 
                 0.0  0.04897959183673469    3.330612244897959    11.76734693877551    12.73469387755102    5.514285714285714    0.563265306122449  0.00816326530612245 

                 0.0   1.5408163265306123   12.408163265306122   13.295918367346939    4.183673469387755  0.02040816326530612                  0.0                  0.0 
                 0.0    6.520408163265306   14.826530612244898    14.39795918367347    9.387755102040817   0.4387755102040816                  0.0                  0.0 
                 0.0    5.959183673469388    7.091836734693878     9.03061224489796    10.73469387755102  0.35714285714285715                  0.0                  0.0 
                 0.0   1.5510204081632653   2.4591836734693877   10.938775510204081    8.918367346938776  0.04081632653061224                  0.0                  0.0 
                 0.0  0.09183673469387756    3.142857142857143   14.081632653061224     4.36734693877551                  0.0                  0.0                  0.0 
                 0.0   0.5306122448979592    8.908163265306122                 12.5   1.4489795918367347   0.5204081632653061  0.37755102040816324                  0.0 
                 0.0     2.86734693877551   14.459183673469388   14.214285714285714   12.377551020408163   12.448979591836734    6.755102040816326  0.08163265306122448 
                 0.0   1.5714285714285714   12.448979591836734   14.581632653061224   13.724489795918368   12.020408163265307   6.8979591836734695  0.32653061224489793 

                 0.0 0.014184397163120567 0.028368794326241134   1.6666666666666667   11.453900709219859   11.312056737588652   1.1418439716312057                  0.0 
                 0.0  0.20567375886524822   0.7092198581560284    6.666666666666667    14.98581560283688    13.76595744680851   1.8936170212765957                  0.0 
                 0.0   1.1631205673758864   5.5177304964539005   12.382978723404255   15.418439716312056   12.049645390070921   1.0567375886524824                  0.0 
                 0.0     4.01418439716312    11.99290780141844   13.382978723404255   14.914893617021276    11.23404255319149   1.1063829787234043                  0.0 
                 0.0   3.4680851063829787    8.588652482269504    8.404255319148936   14.886524822695035   11.156028368794326   1.1843971631205674                  0.0 
                 0.0    0.574468085106383    1.900709219858156    4.446808510638298   14.375886524822695     11.5177304964539   0.8156028368794326                  0.0 
                 0.0  0.06382978723404255  0.48936170212765956     3.25531914893617   14.042553191489361   12.702127659574469   1.6595744680851063                  0.0 
                 0.0 0.014184397163120567   0.0425531914893617   1.5886524822695036    11.48936170212766   12.964539007092199    2.624113475177305                  0.0 

                 0.0   0.2687224669603524    7.308370044052864   13.625550660792952   12.572687224669604     6.26431718061674   1.2555066079295154 0.022026431718061675 
                 0.0    2.814977973568282    14.69603524229075    9.497797356828194   10.114537444933921     9.85022026431718   1.4537444933920705                  0.0 
                 0.0    5.145374449339207   14.136563876651982    4.766519823788546   7.8061674008810575   10.268722466960352   1.9691629955947136                  0.0 
                 0.0    3.317180616740088   13.669603524229075   12.577092511013216   13.273127753303966   13.955947136563877   3.1806167400881056                  0.0 
                 0.0  0.40969162995594716   3.8105726872246697    5.026431718061674    4.969162995594714   13.603524229074889   5.6255506607929515                  0.0 
                 0.0  0.15418502202643172   0.8061674008810573  0.31277533039647576   0.9559471365638766   12.577092511013216    6.259911894273127                  0.0 
                 0.0    0.775330396475771    6.634361233480176    6.317180616740088    7.757709251101321   13.859030837004406   3.7268722466960353                  0.0 
                 0.0  0.19823788546255505   7.6607929515418505    14.20704845814978   12.823788546255507    6.638766519823789   0.5066079295154186                  0.0 

                 0.0                  0.0                  0.0   2.1724137931034484   13.091954022988507   5.2298850574712645 0.034482758620689655                  0.0 
                 0.0                  0.0  0.04597701149425287    7.091954022988506   14.333333333333334   2.5632183908045976 0.034482758620689655 0.022988505747126436 
                 0.0                  0.0   1.2988505747126438   13.241379310344827    8.919540229885058   2.0114942528735633   1.6781609195402298  0.11494252873563218 
                 0.0  0.27586206896551724    8.620689655172415   13.022988505747126   2.9885057471264367   7.9655172413793105    4.712643678160919 0.011494252873563218 
                 0.0    4.482758620689655   14.827586206896552    7.781609195402299    7.068965517241379   14.149425287356323    4.632183908045977                  0.0 
  0.7471264367816092   11.229885057471265    15.03448275862069   12.793103448275861    14.64367816091954    14.89655172413793   2.7701149425287355                  0.0 
   0.632183908045977    6.022988505747127    8.597701149425287    9.275862068965518   14.862068965517242   11.827586206896552   0.9540229885057471                  0.0 
                 0.0  0.16091954022988506  0.28735632183908044    2.781609195402299   14.045977011494253   6.0344827586206895 0.011494252873563218                  0.0 

                 0.0 0.011363636363636364    4.420454545454546   12.261363636363637   13.272727272727273    5.568181818181818  0.20454545454545456                  0.0 
                 0.0   0.7613636363636364   12.965909090909092   13.306818181818182   11.113636363636363   13.602272727272727   1.9431818181818181                  0.0 
                 0.0    3.215909090909091   14.920454545454545    3.897727272727273   0.9659090909090909                 11.0    5.454545454545454                  0.0 
                 0.0    5.420454545454546   12.840909090909092   0.8181818181818182 0.011363636363636364    8.034090909090908    7.215909090909091                  0.0 
                 0.0    5.613636363636363   11.511363636363637   0.5340909090909091 0.056818181818181816    9.647727272727273    6.545454545454546                  0.0 
                 0.0   3.7045454545454546   12.715909090909092                  2.0   2.9318181818181817               14.125   3.7386363636363638                  0.0 
                 0.0   0.8295454545454546   13.363636363636363                 12.0                 14.0   11.443181818181818  0.36363636363636365                  0.0 
                 0.0                  0.0   4.7727272727272725   13.170454545454545   11.045454545454545   1.8295454545454546                  0.0                  0.0 

                 0.0  0.06666666666666667               5.0875   12.529166666666667   12.683333333333334    6.095833333333333                  0.5                  0.0 
                 0.0               2.3625   13.720833333333333               9.9375                8.975                 12.4               2.3625                  0.0 
                 0.0               4.0625                 12.7    5.541666666666667                 7.15   11.941666666666666               2.1875                  0.0 
                 0.0   1.4583333333333333   10.291666666666666   13.720833333333333   14.079166666666667    7.308333333333334   0.6208333333333333                  0.0 
                 0.0  0.36666666666666664               7.9125   14.658333333333333              13.3875    5.529166666666667   0.4166666666666667                  0.0 
                 0.0   1.2041666666666666   11.741666666666667    7.658333333333333    8.033333333333333              10.5125    2.283333333333333                  0.0 
                 0.0   1.2666666666666666               12.625               7.2125    6.141666666666667   13.154166666666667               3.8125                  0.0 
                 0.0               0.0875    5.195833333333334   13.270833333333334                14.05                  9.2   1.2583333333333333 0.020833333333333332 

                 0.0   0.7189542483660131    8.954248366013072    13.72549019607843    12.65359477124183   7.8431372549019605   1.0457516339869282                  0.0 
0.013071895424836602    4.248366013071895   14.640522875816993    12.11111111111111   10.954248366013072   11.202614379084967   2.7058823529411766 0.006535947712418301 
  0.0196078431372549    4.339869281045751   12.869281045751634    6.849673202614379    7.032679738562091    6.836601307189542   1.3006535947712419                  0.0 
                 0.0    2.183006535947712   10.222222222222221   11.647058823529411    7.947712418300654   2.3856209150326797   0.1895424836601307                  0.0 
                 0.0  0.45751633986928103    7.784313725490196   13.967320261437909    7.052287581699346   0.3464052287581699  0.06535947712418301                  0.0 
                 0.0  0.42483660130718953     8.27450980392157   12.156862745098039    9.620915032679738    0.477124183006536                  0.0                  0.0 
                 0.0   1.1830065359477124   11.261437908496733   11.862745098039216     10.4640522875817   1.1111111111111112                  0.0                  0.0 
                 0.0   0.5686274509803921   10.248366013071895   14.222222222222221    6.908496732026144   0.7254901960784313 0.032679738562091505                  0.0 

                 0.0  0.08080808080808081                  6.0   11.787878787878787   1.9696969696969697  0.13131313131313133                  0.0                  0.0 
                 0.0   0.6464646464646465   12.484848484848484   10.434343434343434   0.7575757575757576 0.020202020202020204                  0.0                  0.0 
                 0.0    2.505050505050505   14.555555555555555    4.616161616161616 0.050505050505050504  0.06060606060606061 0.010101010101010102                  0.0 
                 0.0    4.181818181818182    13.95959595959596   3.8686868686868685   2.4545454545454546    1.292929292929293  0.13131313131313133                  0.0 
                 0.0    5.898989898989899   14.080808080808081   11.717171717171718   13.565656565656566     11.1010101010101    2.080808080808081                  0.0 
                 0.0    4.393939393939394   15.686868686868687   12.181818181818182     7.94949494949495   12.676767676767676    8.757575757575758 0.030303030303030304 
                 0.0   1.4646464646464648   14.545454545454545   12.030303030303031    7.737373737373737   13.565656565656566    8.606060606060606  0.16161616161616163 
                 0.0  0.13131313131313133    5.565656565656566   13.656565656565656   14.343434343434344     9.98989898989899    2.111111111111111  0.09090909090909091 

                 0.0 0.018018018018018018    5.315315315315315   13.423423423423424   14.495495495495495    11.08108108108108   2.4954954954954953  0.04504504504504504 
                 0.0   0.8378378378378378    9.891891891891891   11.396396396396396   12.495495495495495    14.54054054054054   3.6036036036036037 0.009009009009009009 
                 0.0  0.43243243243243246   1.4864864864864864   0.5405405405405406    7.954954954954955   13.711711711711711   1.9189189189189189 0.009009009009009009 
                 0.0  0.08108108108108109   1.8918918918918919    5.315315315315315    13.26126126126126   11.972972972972974    2.810810810810811                  0.0 
                 0.0   1.5045045045045045    9.837837837837839   14.693693693693694    15.81981981981982   14.126126126126126   5.7657657657657655                  0.0 
                 0.0   1.3333333333333333    5.594594594594595   13.108108108108109   12.981981981981981    5.747747747747748   1.2252252252252251                  0.0 
                 0.0 0.036036036036036036   2.6666666666666665     14.9009009009009    6.585585585585585  0.14414414414414414                  0.0                  0.0 
                 0.0                  0.0    6.486486486486487   13.495495495495495   1.8468468468468469                  0.0                  0.0                  0.0 

amse = 469.726097 MSS = 1571.792178
