     0    1    2    3    4    5    6    7    8    9
0  177    0    0    0    1    0    0    0    0    0
1    0  173    0    0    0    0    0    0    5    4
2    0    3  172    0    0    0    0    2    0    0
3    0    2    2  146    0    1    0    4    5   23
4    0    5    0    0  175    0    1    0    0    0
5    0    0    0    0    2   94    1    0   44   41
6    2    0    0    0    0    0  176    0    3    0
7    0    0    0    0    1    0    0  171    1    6
8    0   24    0    1    2    0    0    1  137    9
9    0    1    0    3    9    0    0    0    4  163
accuracy =0.8814691151919867