                 0.0   0.1981981981981982   6.5225225225225225   13.486486486486486    12.17117117117117    4.896396396396397   0.6554054054054054  0.01126126126126126 
                 0.0   2.6779279279279278   13.948198198198199    9.842342342342342   10.247747747747749    9.808558558558559     1.34009009009009                  0.0 
                 0.0    4.599099099099099    13.31981981981982    5.686936936936937     8.13963963963964   11.373873873873874   1.8986486486486487                  0.0 
                 0.0                 2.25    11.09009009009009    11.88963963963964    12.83108108108108   13.202702702702704   2.8378378378378377                  0.0 
                 0.0    0.240990990990991   3.3513513513513513    5.632882882882883     6.18018018018018   12.711711711711711    5.191441441441442                  0.0 
                 0.0   0.2545045045045045   2.3671171171171173   1.1801801801801801    1.295045045045045   11.002252252252251    7.405405405405405  0.01126126126126126 
                 0.0   0.7680180180180181   7.5608108108108105    6.240990990990991    6.211711711711712    12.65990990990991    6.495495495495495  0.10135135135135136 
                 0.0  0.15315315315315314    6.653153153153153   13.774774774774775    13.70045045045045    9.425675675675675   2.2567567567567566  0.10135135135135136 

                 0.0  0.14150943396226415   4.8943396226415095   12.764150943396226    11.91132075471698    4.711320754716981  0.32075471698113206                  0.0 
0.009433962264150943   1.4962264150943396   10.854716981132075   12.960377358490566    12.39811320754717   10.079245283018867   1.3924528301886792                  0.0 
0.026415094339622643   2.3773584905660377    10.69811320754717   10.466037735849056    11.60754716981132     9.20377358490566   1.3169811320754716                  0.0 
0.007547169811320755   1.3433962264150943    9.158490566037736   14.281132075471698   13.832075471698113    5.960377358490566   0.5018867924528302                  0.0 
                 0.0   0.5716981132075472    7.892452830188679   15.183018867924527   12.739622641509435   3.7641509433962264  0.24528301886792453                  0.0 
                 0.0   0.8169811320754717    9.833962264150943   12.266037735849057   11.958490566037735    5.869811320754717  0.42830188679245285                  0.0 
0.009433962264150943   0.9150943396226415   10.211320754716981   11.760377358490565   11.466037735849056    8.133962264150943   1.0226415094339623                  0.0 
0.0018867924528301887   0.1660377358490566   5.1415094339622645   12.809433962264151    12.28679245283019   5.7981132075471695                  0.7 0.013207547169811321 

                 0.0   0.9725274725274725    10.62087912087912   13.824175824175825    6.653846153846154   0.8159340659340659  0.01098901098901099                  0.0 
                 0.0    5.019230769230769   14.357142857142858   12.793956043956044   11.947802197802197   3.1456043956043955  0.04395604395604396                  0.0 
                 0.0    4.582417582417582    8.365384615384615    4.961538461538462   11.527472527472527    4.373626373626373  0.07142857142857142                  0.0 
                 0.0   1.1730769230769231    2.760989010989011    5.266483516483516    11.62087912087912    3.629120879120879 0.024725274725274724                  0.0 
                 0.0  0.09340659340659341   1.1813186813186813    8.414835164835164   10.576923076923077   1.8324175824175823                  0.0                  0.0 
                 0.0  0.20604395604395603   4.2554945054945055   11.365384615384615    7.568681318681318   1.4615384615384615   0.3241758241758242                  0.0 
                 0.0   1.4175824175824177   11.686813186813186   14.667582417582418   12.324175824175825   11.005494505494505    7.346153846153846    0.532967032967033 
                 0.0   0.9725274725274725    10.68956043956044   14.101648351648352   13.302197802197803    12.51923076923077    9.513736263736265   1.6043956043956045 

                 0.0   0.7938144329896907    8.791237113402062   14.064432989690722   13.167525773195877    5.440721649484536   0.5824742268041238  0.02577319587628866 
                 0.0    4.139175257731959   12.868556701030927    9.378865979381443   11.904639175257731   10.765463917525773    1.440721649484536  0.01804123711340206 
                 0.0   1.5644329896907216    3.216494845360825   3.6030927835051547    11.70103092783505    9.144329896907216   0.6881443298969072                  0.0 
                 0.0  0.09536082474226804    1.925257731958763                10.25   14.061855670103093    6.167525773195877                 0.25                  0.0 
                 0.0 0.030927835051546393   1.5231958762886597    7.257731958762887   12.438144329896907   12.036082474226804    2.381443298969072                  0.0 
                 0.0  0.07474226804123711   0.6701030927835051   0.6958762886597938   3.8917525773195876   12.804123711340207    6.481958762886598 0.007731958762886598 
                 0.0   0.9201030927835051    7.461340206185567    6.487113402061856    8.304123711340207    13.54896907216495    5.884020618556701  0.04381443298969072 
                 0.0   0.6701030927835051    9.708762886597938   14.492268041237113    12.95103092783505    7.649484536082475   1.4664948453608246 0.059278350515463915 

                 0.0   0.3443708609271523    6.858719646799117   13.300220750551876   13.697571743929359    11.58719646799117    5.891832229580574   0.9426048565121413 
                 0.0   1.1015452538631347    9.490066225165563   10.108167770419426    9.713024282560706    13.05739514348786     7.82560706401766   0.8167770419426048 
                 0.0   1.0176600441501105   3.1766004415011038    1.271523178807947    6.286975717439294    12.82560706401766    4.728476821192053  0.11258278145695365 
                 0.0   0.9713024282560706    4.474613686534217   7.2030905077262695   12.688741721854305   12.571743929359823    4.039735099337748 0.004415011037527594 
                 0.0   1.4525386313465785    8.070640176600442    13.35540838852097    15.14569536423841   11.737306843267108    4.209713024282561                  0.0 
                 0.0    0.673289183222958    3.684326710816777   11.986754966887418     10.7682119205298   3.3532008830022075   0.5894039735099338                  0.0 
                 0.0   0.1545253863134658    4.818984547461369   13.439293598233995   5.2052980132450335   0.3730684326710817 0.017660044150110375                  0.0 
                 0.0  0.35320088300220753    8.125827814569536   11.562913907284768   1.8852097130242826  0.27593818984547464  0.02869757174392936                  0.0 

                 0.0 0.017994858611825194    2.269922879177378   10.866323907455012    7.917737789203085   1.1156812339331619                  0.0                  0.0 
                 0.0   0.2133676092544987    8.208226221079691    13.65038560411311      5.6426735218509   0.8329048843187661                  0.0                  0.0 
                 0.0    1.056555269922879   12.640102827763496    8.804627249357326   0.6580976863753213  0.04113110539845758 0.002570694087403599                  0.0 
                 0.0   2.2390745501285347   13.856041131105398    7.033419023136247   2.7789203084832903   1.1568123393316196  0.09511568123393316                  0.0 
                 0.0   3.2879177377892033   14.524421593830334   11.840616966580978   11.480719794344473    9.277634961439588    2.069408740359897                  0.0 
                 0.0    2.107969151670951   14.696658097686376   11.447300771208226    7.539845758354756   11.079691516709511     9.03598971722365  0.17480719794344474 
                 0.0   0.5269922879177378   10.688946015424165   12.745501285347043    6.347043701799486   11.097686375321336   11.344473007712082   0.7994858611825193 
                 0.0  0.04113110539845758   2.2544987146529563   10.604113110539846    14.54241645244216   12.804627249357326    5.532133676092545   0.2853470437017995 

                 0.0 0.014760147601476014   0.2693726937269373    4.029520295202952    12.00369003690037   11.409594095940959   3.2103321033210332   0.1918819188191882 
                 0.0   0.2988929889298893    3.985239852398524   10.376383763837639   12.616236162361623   12.763837638376383    5.357933579335794  0.33948339483394835 
                 0.0   1.7564575645756457    9.265682656826568    11.18450184501845   11.608856088560886   12.450184501845019    4.059040590405904   0.1070110701107011 
                 0.0   3.7232472324723247   12.206642066420665    12.62730627306273   13.671586715867159   12.560885608856088   3.3911439114391144                  0.0 
                 0.0   2.2952029520295203   6.8487084870848705    7.442804428044281    12.07011070110701   12.136531365313653   1.8856088560885609                  0.0 
                 0.0  0.28044280442804426   0.9446494464944649    2.977859778597786   12.549815498154981   10.686346863468634   0.6937269372693727                  0.0 
                 0.0 0.025830258302583026  0.26199261992619927    4.003690036900369   13.845018450184503    9.228782287822877   0.9298892988929889                  0.0 
                 0.0                  0.0  0.14391143911439114    4.553505535055351   11.391143911439114    7.944649446494465   1.4095940959409594                  0.0 

                 0.0   0.5016949152542373    7.966101694915254   12.996610169491525   13.837288135593221    11.48135593220339   3.3084745762711862   0.0711864406779661 
0.010169491525423728    3.298305084745763   14.335593220338984   13.223728813559323    9.579661016949153    8.186440677966102   2.4677966101694917 0.023728813559322035 
 0.01694915254237288   4.8474576271186445   14.077966101694916    5.850847457627118    1.193220338983051    0.488135593220339  0.23728813559322035 0.003389830508474576 
                 0.0    4.966101694915254   14.155932203389831   12.023728813559321    7.969491525423729   2.5796610169491525  0.31186440677966104                  0.0 
                 0.0   1.5627118644067797    7.647457627118644    9.433898305084746   10.786440677966102     6.95593220338983   0.7016949152542373                  0.0 
                 0.0  0.08813559322033898   0.9152542372881356    3.301694915254237    8.776271186440677    9.227118644067797   0.9728813559322034                  0.0 
                 0.0    0.511864406779661    5.671186440677966    8.728813559322035   12.206779661016949    7.816949152542373    0.559322033898305                  0.0 
                 0.0   0.3864406779661017     8.94915254237288   14.359322033898305                  9.6    2.227118644067797  0.08135593220338982 0.010169491525423728 

                 0.0 0.029490616621983913    4.592493297587131   13.227882037533512   10.954423592493297    2.611260053619303 0.058981233243967826                  0.0 
                 0.0   1.1769436997319034   13.018766756032171   13.077747989276139   12.243967828418231   10.734584450402144   0.7292225201072386                  0.0 
                 0.0   3.8873994638069704   14.375335120643431    4.611260053619303    2.954423592493298   12.729222520107239   3.3056300268096517                  0.0 
                 0.0    5.241286863270777   12.718498659517426   1.5951742627345844  0.28418230563002683    9.190348525469169    6.627345844504021                  0.0 
                 0.0    5.461126005361931    11.89544235924933    0.868632707774799  0.15281501340482573    8.672922252010723    7.369973190348525                  0.0 
                 0.0   3.3404825737265416    13.52278820375335   1.6890080428954424   1.4128686327077749   11.375335120643431    6.450402144772118                  0.0 
                 0.0   0.7694369973190348   13.201072386058982   10.533512064343164   10.619302949061662   13.490616621983914   2.6729222520107236                  0.0 
                 0.0  0.01876675603217158    4.605898123324397   13.605898123324398    13.32975871313673    5.565683646112601  0.19571045576407506                  0.0 

                 0.0 0.0031645569620253164  0.20253164556962025    5.632911392405063   12.104430379746836    2.632911392405063  0.24050632911392406  0.09177215189873418 
                 0.0 0.015822784810126583   1.9462025316455696   11.939873417721518    9.882911392405063   1.8291139240506329   1.6012658227848102   0.3322784810126582 
                 0.0  0.37658227848101267    7.493670886075949   12.639240506329115    4.012658227848101    5.091772151898734    4.563291139240507  0.33860759493670883 
                 0.0   3.2088607594936707   13.120253164556962    8.268987341772151    4.037974683544304   11.408227848101266    6.218354430379747  0.03164556962025317 
0.015822784810126583    7.268987341772152   14.984177215189874    9.841772151898734   11.234177215189874   14.854430379746836     5.05379746835443                  0.0 
  0.3322784810126582   7.1234177215189876   11.569620253164556   11.870253164556962   15.120253164556962    12.58860759493671   1.9272151898734178                  0.0 
 0.19936708860759494   2.2658227848101267   3.6582278481012658    7.272151898734177   14.705696202531646    6.234177215189874  0.30063291139240506                  0.0 
                 0.0  0.04746835443037975  0.30063291139240506    6.610759493670886    12.50632911392405    2.661392405063291 0.0031645569620253164                  0.0 

amse = 649.870004 MSS = 1257.967740
