     0    1    2    3    4    5    6    7    8    9
0  176    0    0    0    2    0    0    0    0    0
1    0   58   21    2    0    0    4    0   97    0
2    1    2  150    5    0    0    0    3   13    3
3    0    0    1  151    0    1    0    8    7   15
4    0    5    0    0  162    0    0    6    8    0
5    0    0    0    0    1  144    1    0    0   36
6    1    1    0    0    1    0  176    0    2    0
7    0    5    0    0    1    3    0  167    3    0
8    0    8    1    5    0    4    2    1  124   29
9    0   23    0    3    0    5    0    5    2  142
accuracy =0.806900389538119